55 0.4871548998946259 0.7358766859344894 0.05835616438356165 0.04001926782273603
57 0.529704952581665 0.9470905587668594 0.10943097997892517 0.041502890173410405
56 0.40569020021074814 0.7884971098265896 0.047818756585879876 0.08892100192678228
60 0.09523709167544783 0.7158766859344894 0.09159114857744995 0.04447013487475915
63 0.12563751317175975 0.32310211946050094 0.09077976817702846 0.0474373795761079
66 0.47458377239199157 0.19564547206165706 0.10131717597471022 0.053352601156069365
69 0.874204425711275 0.3194026974951831 0.09645943097997893 0.04890173410404624
72 0.9102739726027398 0.7151252408477842 0.09402528977871444 0.04890173410404624
11 0.3489462592202318 0.4616955684007707 0.026743940990516333 0.09040462427745664
22 0.41501580611169653 0.4557610789980732 0.02107481559536354 0.09633911368015415
37 0.48147523709167545 0.45649325626204235 0.02107481559536354 0.08597302504816955
2 0.5459220231822972 0.4572447013487476 0.021886195995785035 0.09040462427745664