13 0.3489462592202318 0.4572447013487476 0.026743940990516333 0.08743737957610791
4 0.41379346680716544 0.458728323699422 0.021886195995785035 0.09040462427745664
29 0.48228661749209695 0.45946050096339114 0.024320337197049523 0.09485549132947976
47 0.549567966280295 0.45797687861271674 0.029178082191780825 0.08892100192678228
67 0.6906006322444679 0.34978805394990364 0.056743940990516335 0.03556840077071291
57 0.5272708113804004 0.9485741811175338 0.10131717597471022 0.050385356454720615
60 0.09685985247629084 0.7166088631984586 0.1061854583772392 0.04595375722543353
63 0.12928345626975762 0.32161849710982654 0.10943097997892517 0.04447013487475915
66 0.4786406743940991 0.2023121387283237 0.09970495258166491 0.04890173410404624
69 0.8746048472075869 0.3208863198458574 0.09077976817702846 0.051868978805395
72 0.9102739726027398 0.714393063583815 0.09402528977871444 0.050385356454720615
67 0.688577449947313 0.3483044315992293 0.05755532139093782 0.041502890173410405