5 0.12077976817702846 0.6113872832369942 0.12644889357218125 0.06373795761078997
24 0.8790621707060063 0.6076685934489403 0.12563751317175975 0.056319845857418116
79 0.4993150684931507 0.6313872832369942 0.0664699683877766 0.032601156069364166
71 0.7368071654373024 0.7121772639691715 0.04539515279241307 0.07558766859344894
73 0.500927291886196 0.3853564547206166 0.09402528977871444 0.038535645472061654
46 0.4340569020021075 0.45946050096339114 0.20021074815595363 0.10078998073217726
80 0.5673972602739726 0.45797687861271674 0.06484720758693362 0.10078998073217726
78 0.6350790305584827 0.45946050096339114 0.06889357218124341 0.10670520231213873
27 0.3461116965226554 0.4557610789980732 0.02107481559536354 0.0933718689788054
52 0.41501580611169653 0.4572447013487476 0.024320337197049523 0.08743737957610791
12 0.48147523709167545 0.4557610789980732 0.024320337197049523 0.08743737957610791
2 0.548345626975764 0.45649325626204235 0.026743940990516333 0.09188824662813101
44 0.6160379346680717 0.4520616570327553 0.02107481559536354 0.08597302504816955