57 0.5236248682824025 0.9441233140655106 0.09402528977871444 0.0474373795761079
60 0.09604847207586935 0.7151252408477842 0.10131717597471022 0.04298651252408477
63 0.12928345626975762 0.3208863198458574 0.09645943097997893 0.04001926782273603
66 0.47458377239199157 0.19564547206165706 0.09970495258166491 0.050385356454720615
69 0.8778503688092729 0.3208863198458574 0.09889357218124341 0.04595375722543353
72 0.9058166491043204 0.7158766859344894 0.09159114857744995 0.04447013487475915
38 0.3473340358271865 0.45946050096339114 0.021886195995785035 0.09485549132947976
34 0.4146048472075869 0.45797687861271674 0.02350895679662803 0.09188824662813101
49 0.48228661749209695 0.45797687861271674 0.02107481559536354 0.08892100192678228
50 0.548345626975764 0.4572447013487476 0.021886195995785035 0.09040462427745664
1 0.6152265542676502 0.45797687861271674 0.022697576396206533 0.09188824662813101