59 0.209536354056902 0.5884007707129094 0.049441517386722866 0.08300578034682081
14 0.5017386722866175 0.09188824662813101 0.12969441517386723 0.06225433526011561
0 0.5029610115911486 0.8403660886319846 0.12888303477344573 0.056319845857418116
79 0.5005268703898841 0.634354527938343 0.06728134878819811 0.04447013487475915
73 0.5001264488935722 0.3846242774566474 0.09240252897787145 0.04001926782273603
46 0.4320337197049526 0.46464354527938345 0.20264488935721814 0.11412331406551059
80 0.5678082191780822 0.4609441233140655 0.06728134878819811 0.10670520231213873
78 0.6354899894625923 0.45946050096339114 0.06970495258166491 0.10967244701348748
36 0.34692307692307695 0.4557610789980732 0.02107481559536354 0.08448940269749519
77 0.41541622760800845 0.4572447013487476 0.02350895679662803 0.08448940269749519
47 0.48269757639620653 0.46021194605009635 0.026743940990516333 0.0933718689788054
31 0.5467334035827187 0.45649325626204235 0.02350895679662803 0.09188824662813101
11 0.6156269757639621 0.45649325626204235 0.02350895679662803 0.08597302504816955