14 0.49850368809272916 0.07337186897880539 0.12482613277133825 0.0933718689788054
54 0.3481348788198103 0.455009633911368 0.025131717597471022 0.08892100192678228
34 0.4133930453108535 0.458728323699422 0.024320337197049523 0.08743737957610791
45 0.481886195995785 0.45797687861271674 0.028366701791359326 0.09188824662813101
36 0.5475447839831401 0.4542774566473989 0.025131717597471022 0.08743737957610791
7 0.6140042149631191 0.45797687861271674 0.025131717597471022 0.09782273603082853
32 0.06889357218124341 0.586936416184971 0.02107481559536354 0.08300578034682081
52 0.13292939936775555 0.5898843930635838 0.024320337197049523 0.08892100192678228
5 0.11793466807165437 0.5847013487475915 0.12726027397260273 0.0933718689788054
77 0.44946259220231827 0.07485549132947977 0.020263435194942045 0.08152215799614644
51 0.5134984193888303 0.07262042389210019 0.020263435194942045 0.08300578034682081