5 0.11834562697576397 0.6121194605009634 0.12644889357218125 0.05928709055876686
58 0.28532139093782927 0.6625240847784201 0.05835616438356165 0.03556840077071291
55 0.5005268703898841 0.8388824662813102 0.12888303477344573 0.053352601156069365
46 0.4324341412012645 0.4624277456647399 0.20021074815595363 0.11560693641618497
80 0.5673972602739726 0.46021194605009635 0.06484720758693362 0.10227360308285163
78 0.6342676501580611 0.4616955684007707 0.06565858798735512 0.10524084778420038
68 0.7894942044257113 0.4157418111753372 0.05349841938883035 0.07855491329479769
73 0.5017386722866175 0.3853564547206166 0.1069968387776607 0.03556840077071291
79 0.5013382507903056 0.6351059730250482 0.06403582718651211 0.034084778420038535
17 0.346522655426765 0.45649325626204235 0.02350895679662803 0.09188824662813101
38 0.41379346680716544 0.45797687861271674 0.021886195995785035 0.08892100192678228
50 0.4830979978925184 0.4535260115606936 0.02594309799789252 0.09188824662813101
25 0.5475447839831401 0.45797687861271674 0.021886195995785035 0.08892100192678228
30 0.6156269757639621 0.455009633911368 0.021886195995785035 0.08597302504816955