39 0.346522655426765 0.455009633911368 0.025131717597471022 0.09188824662813101
10 0.414204425711275 0.4572447013487476 0.022697576396206533 0.09040462427745664
2 0.47985247629083244 0.455009633911368 0.024320337197049523 0.08892100192678228
49 0.548345626975764 0.4557610789980732 0.02350895679662803 0.08743737957610791
37 0.6152265542676502 0.46021194605009635 0.01945205479452055 0.09040462427745664
68 0.7899051633298209 0.4105587668593449 0.04458377239199157 0.07707129094412331
32 0.827186512118019 0.5854527938342967 0.01864067439409905 0.08003853564547206
40 0.8904109589041096 0.586936416184971 0.020263435194942045 0.08300578034682081
24 0.8806849315068493 0.5876685934489403 0.12888303477344573 0.09040462427745664
30 0.4502739726027397 0.821849710982659 0.02350895679662803 0.08743737957610791
41 0.5118756585879873 0.8210982658959537 0.01864067439409905 0.08300578034682081
0 0.5029610115911486 0.8166666666666668 0.12239199157007377 0.08892100192678228