5 0.12118018967334036 0.6091522157996146 0.12888303477344573 0.05928709055876686
19 0.8478609062170706 0.21564547206165705 0.12320337197049526 0.057803468208092484
19 0.5029610115911486 0.3860886319845857 0.09321390937829294 0.04298651252408477
46 0.4320337197049526 0.46464354527938345 0.20264488935721814 0.11115606936416185
80 0.5669968387776607 0.4616955684007707 0.06728134878819811 0.10227360308285163
78 0.6338672286617492 0.458728323699422 0.06970495258166491 0.10227360308285163
54 0.346522655426765 0.45797687861271674 0.021886195995785035 0.08892100192678228
47 0.41541622760800845 0.45649325626204235 0.025131717597471022 0.09485549132947976
27 0.48066385669125394 0.4557610789980732 0.024320337197049523 0.09040462427745664
10 0.5471338250790305 0.4572447013487476 0.02594309799789252 0.08743737957610791
45 0.6152265542676502 0.45649325626204235 0.02594309799789252 0.08892100192678228
79 0.5005268703898841 0.6321387283236994 0.062413066385669125 0.034084778420038535
68 0.7878714436248684 0.4164739884393064 0.04214963119072708 0.07113680154142582