57 0.5272708113804004 0.9470905587668594 0.10293993677555321 0.04447013487475915
60 0.09523709167544783 0.714393063583815 0.10131717597471022 0.04447013487475915
63 0.12604847207586933 0.3238535645472062 0.10293993677555321 0.04595375722543353
66 0.47418335089567965 0.19786127167630058 0.09727081138040042 0.04595375722543353
69 0.8701475237091675 0.3194026974951831 0.08835616438356164 0.04001926782273603
72 0.9074288724973656 0.7136416184971098 0.09483667017913593 0.04595375722543353
45 0.3461116965226554 0.4572447013487476 0.022697576396206533 0.09040462427745664
77 0.414204425711275 0.455009633911368 0.022697576396206533 0.08892100192678228
38 0.48228661749209695 0.45946050096339114 0.024320337197049523 0.09188824662813101
32 0.5487565858798735 0.455009633911368 0.02107481559536354 0.08892100192678228
47 0.6156269757639621 0.4557610789980732 0.021886195995785035 0.09040462427745664