57 0.5256585879873551 0.9485741811175338 0.08835616438356164 0.0474373795761079
60 0.09564805057955743 0.7173603082851637 0.09889357218124341 0.0474373795761079
63 0.12807165437302423 0.3208863198458574 0.09564805057955743 0.04890173410404624
66 0.47701791359325607 0.19712909441233142 0.10293993677555321 0.053352601156069365
69 0.8746048472075869 0.3223699421965318 0.09402528977871444 0.04595375722543353
72 0.9037829293993678 0.714393063583815 0.08916754478398314 0.0474373795761079
67 0.6881770284510011 0.3483044315992293 0.05835616438356165 0.041502890173410405
13 0.34773445732349845 0.4505780346820809 0.024320337197049523 0.08597302504816955
4 0.414204425711275 0.4527938342967245 0.022697576396206533 0.09040462427745664
29 0.481886195995785 0.45649325626204235 0.025131717597471022 0.09188824662813101
47 0.5487565858798735 0.45649325626204235 0.02594309799789252 0.09188824662813101
21 0.6156269757639621 0.458728323699422 0.026743940990516333 0.09633911368015415