46 0.43324552160168595 0.4624277456647399 0.2018335089567966 0.10967244701348748
80 0.5682086406743941 0.458728323699422 0.0664699683877766 0.09930635838150288
78 0.6354899894625923 0.45946050096339114 0.0664699683877766 0.10078998073217726
73 0.49971548998946264 0.3860886319845857 0.09321390937829294 0.037052023121387286
79 0.5021496311907271 0.634354527938343 0.06889357218124341 0.032601156069364166
56 0.40569020021074814 0.7847976878612717 0.041338250790305585 0.07262042389210019
10 0.346522655426765 0.4557610789980732 0.020263435194942045 0.08743737957610791
16 0.41379346680716544 0.4572447013487476 0.025131717597471022 0.0933718689788054
12 0.481886195995785 0.455009633911368 0.021886195995785035 0.08597302504816955
51 0.5471338250790305 0.45649325626204235 0.022697576396206533 0.09188824662813101
11 0.6168387776606955 0.455009633911368 0.022697576396206533 0.09188824662813101
19 0.8478609062170706 0.21491329479768786 0.12482613277133825 0.056319845857418116
24 0.8806849315068493 0.6054527938342967 0.1305057955742887 0.057803468208092484
5 0.11996838777660696 0.6091522157996146 0.12807165437302423 0.053352601156069365