64 0.578345626975764 0.27196531791907513 0.05916754478398314 0.04298651252408477
14 0.5005268703898841 0.09115606936416186 0.12563751317175975 0.05483622350674374
9 0.1511696522655427 0.21639691714836223 0.12726027397260273 0.06225433526011561
59 0.2083140147523709 0.5876685934489403 0.04701791359325606 0.07855491329479769
73 0.4989041095890411 0.3846242774566474 0.09321390937829294 0.04001926782273603
79 0.5013382507903056 0.6313872832369942 0.062413066385669125 0.03556840077071291
46 0.43324552160168595 0.4609441233140655 0.2018335089567966 0.10967244701348748
80 0.5661854583772391 0.45797687861271674 0.06403582718651211 0.10078998073217726
78 0.6342676501580611 0.45946050096339114 0.06728134878819811 0.10375722543352602
18 0.34773445732349845 0.4520616570327553 0.02107481559536354 0.08300578034682081
38 0.41541622760800845 0.4572447013487476 0.021886195995785035 0.08743737957610791
75 0.4810748155953636 0.45649325626204235 0.02350895679662803 0.08597302504816955
8 0.5491570073761854 0.4557610789980732 0.025131717597471022 0.08743737957610791
33 0.6148155953635406 0.4572447013487476 0.025131717597471022 0.08743737957610791