48 0.34692307692307695 0.4557610789980732 0.02594309799789252 0.09040462427745664
77 0.4146048472075869 0.45649325626204235 0.020263435194942045 0.08300578034682081
20 0.48269757639620653 0.4572447013487476 0.021886195995785035 0.08743737957610791
32 0.5475447839831401 0.45797687861271674 0.021886195995785035 0.09485549132947976
26 0.6136037934668072 0.4572447013487476 0.022697576396206533 0.09040462427745664
49 0.070927291886196 0.5876685934489403 0.02350895679662803 0.08448940269749519
11 0.13334035827186513 0.5876685934489403 0.02350895679662803 0.08743737957610791
7 0.4486512118018967 0.8196146435452794 0.021886195995785035 0.08300578034682081
8 0.5126870389884088 0.8181502890173411 0.021886195995785035 0.08597302504816955
5 0.11996838777660696 0.5928516377649325 0.12482613277133825 0.09485549132947976
0 0.500927291886196 0.821849710982659 0.12482613277133825 0.08743737957610791