46 0.43324552160168595 0.4616955684007707 0.20507903055848262 0.1081888246628131
80 0.5673972602739726 0.46315992292870906 0.06484720758693362 0.1081888246628131
73 0.49728134878819813 0.383140655105973 0.09970495258166491 0.037052023121387286
52 0.069304531085353 0.5876685934489403 0.02350895679662803 0.08743737957610791
45 0.13334035827186513 0.5884007707129094 0.020263435194942045 0.08300578034682081
3 0.4486512118018967 0.07188824662813102 0.021886195995785035 0.08448940269749519
2 0.5134984193888303 0.07262042389210019 0.021886195995785035 0.08892100192678228
21 0.44946259220231827 0.8196146435452794 0.021886195995785035 0.08597302504816955
20 0.5126870389884088 0.8196146435452794 0.021886195995785035 0.08597302504816955
68 0.7894942044257113 0.4142581888246628 0.05025289778714436 0.07855491329479769
4 0.34530031612223394 0.4572447013487476 0.022697576396206533 0.09040462427745664
51 0.41541622760800845 0.4616955684007707 0.025131717597471022 0.09040462427745664
51 0.48228661749209695 0.4572447013487476 0.022697576396206533 0.09040462427745664
54 0.5475447839831401 0.45797687861271674 0.021886195995785035 0.08597302504816955
57 0.5272708113804004 0.9448554913294798 0.10943097997892517 0.04890173410404624
60 0.09604847207586935 0.7151252408477842 0.1045626975763962 0.04595375722543353
63 0.12726027397260273 0.3208863198458574 0.1037513171759747 0.04890173410404624
66 0.4758061116965227 0.19712909441233142 0.1037513171759747 0.050385356454720615
69 0.8717702845100105 0.3223699421965318 0.08996838777660696 0.04890173410404624
72 0.9017597471022128 0.7114258188824664 0.08996838777660696 0.050385356454720615