14 0.5001264488935722 0.0941233140655106 0.12482613277133825 0.06670520231213872
19 0.8482613277133825 0.21639691714836223 0.12726027397260273 0.06225433526011561
64 0.5759114857744995 0.2697495183044316 0.05430979978925184 0.041502890173410405
73 0.4976923076923077 0.383140655105973 0.09564805057955743 0.034084778420038535
56 0.4052897787144363 0.7840462427745665 0.04214963119072708 0.07410404624277457
46 0.43163329820864066 0.46315992292870906 0.2018335089567966 0.11412331406551059
80 0.5669968387776607 0.4616955684007707 0.06728134878819811 0.10227360308285163
78 0.6350790305584827 0.46021194605009635 0.06728134878819811 0.09930635838150288
79 0.49971548998946264 0.6306551059730251 0.06079030558482613 0.034084778420038535
54 0.34773445732349845 0.45797687861271674 0.02107481559536354 0.09188824662813101
22 0.414204425711275 0.455009633911368 0.024320337197049523 0.08597302504816955
23 0.481886195995785 0.45649325626204235 0.021886195995785035 0.08597302504816955
53 0.548345626975764 0.455009633911368 0.026743940990516333 0.08597302504816955
6 0.6140042149631191 0.45797687861271674 0.02350895679662803 0.08892100192678228