57 0.5252476290832455 0.9463391136801541 0.10050579557428872 0.04890173410404624
60 0.09362486828240252 0.7158766859344894 0.10943097997892517 0.04447013487475915
63 0.12766069546891465 0.3208863198458574 0.1045626975763962 0.04298651252408477
66 0.480263435194942 0.19934489402697494 0.10131717597471022 0.04001926782273603
69 0.8758166491043203 0.3208863198458574 0.10293993677555321 0.04298651252408477
72 0.9090516332982087 0.7158766859344894 0.10293993677555321 0.0474373795761079
16 0.34773445732349845 0.4572447013487476 0.022697576396206533 0.0933718689788054
37 0.4133930453108535 0.45946050096339114 0.022697576396206533 0.09485549132947976
10 0.4810748155953636 0.45797687861271674 0.025131717597471022 0.09188824662813101
1 0.548345626975764 0.4572447013487476 0.02350895679662803 0.09040462427745664
76 0.6148155953635406 0.455009633911368 0.02350895679662803 0.08597302504816955