46 0.4324341412012645 0.46315992292870906 0.2018335089567966 0.11709055876685935
80 0.5669968387776607 0.46021194605009635 0.06565858798735512 0.1081888246628131
78 0.6338672286617492 0.458728323699422 0.06484720758693362 0.11115606936416185
73 0.5001264488935722 0.3838728323699422 0.1037513171759747 0.041502890173410405
28 0.3481348788198103 0.4542774566473989 0.021886195995785035 0.08448940269749519
8 0.41622760800842995 0.458728323699422 0.021886195995785035 0.09040462427745664
34 0.4810748155953636 0.4572447013487476 0.02350895679662803 0.08743737957610791
13 0.548345626975764 0.455009633911368 0.025131717597471022 0.08892100192678228
15 0.6156269757639621 0.45946050096339114 0.028366701791359326 0.09188824662813101
79 0.500927291886196 0.6336223506743739 0.0729504741833509 0.034084778420038535
56 0.4044783983140148 0.7833140655105973 0.04052687038988409 0.07558766859344894
9 0.15158061116965227 0.21267822736030828 0.12807165437302423 0.05483622350674374
0 0.5013382507903056 0.841849710982659 0.12888303477344573 0.06225433526011561