65 0.5463224446786091 0.303102119460501 0.05349841938883035 0.09040462427745664
73 0.500927291886196 0.3853564547206166 0.09240252897787145 0.03556840077071291
12 0.3473340358271865 0.455009633911368 0.02350895679662803 0.09188824662813101
1 0.41501580611169653 0.458728323699422 0.022697576396206533 0.09040462427745664
25 0.48269757639620653 0.458728323699422 0.02350895679662803 0.08743737957610791
3 0.549567966280295 0.45649325626204235 0.02594309799789252 0.09485549132947976
46 0.43163329820864066 0.46391136801541427 0.20507903055848262 0.11263969171483623
78 0.5682086406743941 0.458728323699422 0.0664699683877766 0.1081888246628131
79 0.49971548998946264 0.6313872832369942 0.06403582718651211 0.032601156069364166
24 0.8810853530031612 0.6076685934489403 0.12807165437302423 0.056319845857418116
0 0.4993150684931507 0.841849710982659 0.12644889357218125 0.056319845857418116