29 0.3457112750263435 0.4542774566473989 0.02350895679662803 0.0933718689788054
26 0.4133930453108535 0.458728323699422 0.02594309799789252 0.0933718689788054
8 0.4810748155953636 0.45649325626204235 0.025131717597471022 0.08892100192678228
16 0.548345626975764 0.4616955684007707 0.025131717597471022 0.10524084778420038
39 0.6160379346680717 0.4572447013487476 0.02107481559536354 0.08743737957610791
57 0.5220021074815595 0.9463391136801541 0.09889357218124341 0.04595375722543353
60 0.09483667017913593 0.714393063583815 0.10050579557428872 0.050385356454720615
63 0.12807165437302423 0.32161849710982654 0.1037513171759747 0.0474373795761079
66 0.4794520547945205 0.19861271676300576 0.09808219178082192 0.0474373795761079
69 0.8733930453108536 0.32161849710982654 0.09321390937829294 0.050385356454720615
72 0.9054056902002108 0.714393063583815 0.09240252897787145 0.0474373795761079