58 0.2857218124341412 0.6617726396917148 0.05593256059009483 0.04298651252408477
57 0.5264699683877766 0.9470905587668594 0.10131717597471022 0.0474373795761079
60 0.09645943097997893 0.7151252408477842 0.1037513171759747 0.04001926782273603
63 0.12888303477344573 0.32310211946050094 0.10212855637513171 0.038535645472061654
66 0.4778292939936775 0.19786127167630058 0.10293993677555321 0.04595375722543353
69 0.8746048472075869 0.3223699421965318 0.09889357218124341 0.04595375722543353
72 0.9086512118018967 0.7129094412331407 0.09889357218124341 0.0474373795761079
30 0.3481348788198103 0.45649325626204235 0.02350895679662803 0.08892100192678228
47 0.41501580611169653 0.45797687861271674 0.02107481559536354 0.08892100192678228
16 0.48228661749209695 0.45797687861271674 0.024320337197049523 0.08892100192678228
77 0.5487565858798735 0.45797687861271674 0.02594309799789252 0.09188824662813101
36 0.6156269757639621 0.45649325626204235 0.01864067439409905 0.08892100192678228