14 0.5021496311907271 0.07558766859344894 0.13211801896733402 0.10078998073217726
24 0.8802739726027398 0.5913680154142582 0.12969441517386723 0.09188824662813101
49 0.44986301369863013 0.07337186897880539 0.01945205479452055 0.0933718689788054
51 0.5126870389884088 0.07262042389210019 0.01864067439409905 0.08597302504816955
73 0.5021496311907271 0.3853564547206166 0.09321390937829294 0.03556840077071291
74 0.828809272918862 0.586936416184971 0.021886195995785035 0.08300578034682081
77 0.891622760800843 0.5884007707129094 0.024320337197049523 0.08300578034682081
46 0.4320337197049526 0.46464354527938345 0.20264488935721814 0.11709055876685935
80 0.5665858798735511 0.45946050096339114 0.06484720758693362 0.10375722543352602
78 0.6346786090621707 0.45946050096339114 0.06970495258166491 0.10375722543352602
40 0.3473340358271865 0.455009633911368 0.021886195995785035 0.08003853564547206
16 0.41541622760800845 0.4557610789980732 0.02350895679662803 0.08743737957610791
76 0.48228661749209695 0.4527938342967245 0.022697576396206533 0.08448940269749519
48 0.5471338250790305 0.455009633911368 0.024320337197049523 0.08892100192678228
54 0.6152265542676502 0.4572447013487476 0.022697576396206533 0.08743737957610791
56 0.40406743940990514 0.7803468208092486 0.041338250790305585 0.07855491329479769