61 0.32341412012644893 0.39202312138728324 0.06322444678609063 0.04001926782273603
70 0.7124868282402529 0.6610404624277456 0.05835616438356165 0.038535645472061654
46 0.4312223393045311 0.4624277456647399 0.2091253951527924 0.10967244701348748
80 0.5665858798735511 0.458728323699422 0.06484720758693362 0.10524084778420038
20 0.34530031612223394 0.4557610789980732 0.022697576396206533 0.08448940269749519
52 0.414204425711275 0.4557610789980732 0.02594309799789252 0.08743737957610791
22 0.481886195995785 0.4557610789980732 0.021886195995785035 0.08448940269749519
7 0.5471338250790305 0.458728323699422 0.022697576396206533 0.08743737957610791
73 0.4993150684931507 0.3853564547206166 0.09402528977871444 0.03556840077071291
79 0.5013382507903056 0.6313872832369942 0.062413066385669125 0.029633911368015416
9 0.15158061116965227 0.21491329479768786 0.12807165437302423 0.056319845857418116
24 0.8798735511064278 0.6076685934489403 0.12888303477344573 0.05928709055876686