50 0.346522655426765 0.45797687861271674 0.025131717597471022 0.09188824662813101
17 0.4117702845100105 0.458728323699422 0.02594309799789252 0.09040462427745664
51 0.48228661749209695 0.4557610789980732 0.02594309799789252 0.09040462427745664
42 0.547945205479452 0.46021194605009635 0.024320337197049523 0.09040462427745664
3 0.6127924130663857 0.4542774566473989 0.027555321390937828 0.0933718689788054
8 0.070927291886196 0.5891522157996146 0.01864067439409905 0.08743737957610791
32 0.13211801896733402 0.5891522157996146 0.02107481559536354 0.08743737957610791
5 0.11793466807165437 0.586184971098266 0.12239199157007377 0.0933718689788054
2 0.44905163329820863 0.8181502890173411 0.022697576396206533 0.08300578034682081
27 0.5134984193888303 0.8196146435452794 0.020263435194942045 0.08300578034682081
0 0.5013382507903056 0.821849710982659 0.13374077976817703 0.09633911368015415