13 0.3457112750263435 0.4542774566473989 0.025131717597471022 0.0933718689788054
28 0.4133930453108535 0.4557610789980732 0.02107481559536354 0.08743737957610791
77 0.47985247629083244 0.4572447013487476 0.022697576396206533 0.09040462427745664
32 0.5467334035827187 0.45797687861271674 0.021886195995785035 0.08597302504816955
26 0.6168387776606955 0.45649325626204235 0.024320337197049523 0.09188824662813101
67 0.6358904109589042 0.3490366088631985 0.05916754478398314 0.04890173410404624
70 0.6606111696522655 0.6617726396917148 0.05997892518440464 0.04890173410404624
57 0.5268703898840885 0.9463391136801541 0.1069968387776607 0.05483622350674374
60 0.09727081138040042 0.7166088631984586 0.1053740779768177 0.04890173410404624
63 0.12847207586933615 0.3223699421965318 0.09808219178082192 0.051868978805395
66 0.4786406743940991 0.19861271676300576 0.08835616438356164 0.050385356454720615
69 0.8693361433087461 0.3201348747591522 0.09808219178082192 0.04447013487475915
72 0.9066174920969442 0.718092485549133 0.09645943097997893 0.051868978805395