62 0.22290832455216017 0.4238921001926782 0.056743940990516335 0.07707129094412331
14 0.49971548998946264 0.08967244701348748 0.12726027397260273 0.057803468208092484
19 0.8478609062170706 0.21267822736030828 0.12644889357218125 0.05483622350674374
24 0.8798735511064278 0.6091522157996146 0.12888303477344573 0.056319845857418116
64 0.6022550052687039 0.27048169556840074 0.05187565858798735 0.034084778420038535
67 0.6877660695468916 0.34978805394990364 0.05916754478398314 0.041502890173410405
70 0.6877660695468916 0.6595568400770713 0.05593256059009483 0.038535645472061654
73 0.4993150684931507 0.3853564547206166 0.10212855637513171 0.038535645472061654
79 0.5013382507903056 0.6336223506743739 0.06403582718651211 0.037052023121387286
46 0.4336564805057956 0.4661271676300578 0.20102212855637513 0.11412331406551059
80 0.5665858798735511 0.4661271676300578 0.0664699683877766 0.11412331406551059
37 0.3473340358271865 0.4609441233140655 0.021886195995785035 0.08892100192678228
34 0.41541622760800845 0.4572447013487476 0.025131717597471022 0.0933718689788054
32 0.48390937829293995 0.45649325626204235 0.02594309799789252 0.08892100192678228
48 0.548345626975764 0.455009633911368 0.025131717597471022 0.08597302504816955