21 0.10050579557428872 0.19712909441233142 0.022697576396206533 0.09188824662813101
22 0.16535300316122234 0.19712909441233142 0.024320337197049523 0.08597302504816955
9 0.14914646996838776 0.19416184971098266 0.12320337197049526 0.09485549132947976
63 0.12442571127502634 0.3223699421965318 0.09808219178082192 0.04595375722543353
60 0.09321390937829294 0.7173603082851637 0.11185458377239199 0.0474373795761079
57 0.5248472075869336 0.9470905587668594 0.09808219178082192 0.050385356454720615
72 0.9033825079030557 0.7129094412331407 0.09808219178082192 0.050385356454720615
69 0.874204425711275 0.3208863198458574 0.09970495258166491 0.04890173410404624
66 0.47661749209694415 0.2023121387283237 0.10212855637513171 0.04298651252408477
31 0.44824025289778713 0.06816955684007707 0.024320337197049523 0.08597302504816955
33 0.5118756585879873 0.07040462427745664 0.020263435194942045 0.08448940269749519
14 0.49850368809272916 0.0674373795761079 0.12158061116965226 0.08743737957610791
23 0.346522655426765 0.4557610789980732 0.026743940990516333 0.08448940269749519
12 0.41298208640674394 0.46021194605009635 0.026743940990516333 0.08743737957610791
29 0.4794520547945205 0.45649325626204235 0.020263435194942045 0.08892100192678228
44 0.5475447839831401 0.4542774566473989 0.02350895679662803 0.0933718689788054
53 0.6148155953635406 0.4542774566473989 0.021886195995785035 0.08448940269749519
78 0.6354899894625923 0.4683622350674374 0.0664699683877766 0.12450867052023122
80 0.5673972602739726 0.4624277456647399 0.06809272918861961 0.11263969171483623