46 0.4324341412012645 0.4572447013487476 0.2018335089567966 0.10227360308285163
80 0.5678082191780822 0.45649325626204235 0.06728134878819811 0.09782273603082853
78 0.6330558482613277 0.4616955684007707 0.0664699683877766 0.10227360308285163
25 0.346522655426765 0.45649325626204235 0.01864067439409905 0.08300578034682081
29 0.41298208640674394 0.4572447013487476 0.01864067439409905 0.09040462427745664
37 0.4810748155953636 0.46021194605009635 0.01864067439409905 0.0933718689788054
8 0.549567966280295 0.45649325626204235 0.02594309799789252 0.08300578034682081
4 0.6144151738672287 0.4557610789980732 0.022697576396206533 0.08448940269749519
73 0.5001264488935722 0.3838728323699422 0.09564805057955743 0.038535645472061654
56 0.40731296101159115 0.7847976878612717 0.03971548998946259 0.08152215799614644
9 0.14995785036880926 0.21564547206165705 0.12807165437302423 0.06373795761078997
19 0.8474499473129611 0.21342967244701347 0.12888303477344573 0.056319845857418116
79 0.5001264488935722 0.6306551059730251 0.06322444678609063 0.037052023121387286