9 0.15198103266596416 0.21564547206165705 0.12726027397260273 0.06077071290944123
59 0.209536354056902 0.5913680154142582 0.047818756585879876 0.07707129094412331
73 0.49850368809272916 0.383140655105973 0.09727081138040042 0.037052023121387286
79 0.49971548998946264 0.6336223506743739 0.06079030558482613 0.034084778420038535
24 0.8802739726027398 0.6084200385356454 0.12807165437302423 0.057803468208092484
46 0.4336564805057956 0.46391136801541427 0.20102212855637513 0.11263969171483623
80 0.5673972602739726 0.4616955684007707 0.06809272918861961 0.10227360308285163
78 0.6367017913593256 0.4572447013487476 0.06728134878819811 0.09633911368015415
2 0.3461116965226554 0.45649325626204235 0.02107481559536354 0.08300578034682081
3 0.41379346680716544 0.45649325626204235 0.021886195995785035 0.08300578034682081
52 0.48066385669125394 0.455009633911368 0.024320337197049523 0.08892100192678228
16 0.5467334035827187 0.458728323699422 0.021886195995785035 0.09040462427745664
47 0.6156269757639621 0.4572447013487476 0.02350895679662803 0.08448940269749519