46 0.4328451001053741 0.4609441233140655 0.20102212855637513 0.10375722543352602
80 0.5665858798735511 0.45649325626204235 0.06484720758693362 0.10078998073217726
78 0.6338672286617492 0.45649325626204235 0.06484720758693362 0.09485549132947976
73 0.4989041095890411 0.383140655105973 0.09483667017913593 0.04001926782273603
79 0.5005268703898841 0.6321387283236994 0.06079030558482613 0.034084778420038535
9 0.1507692307692308 0.21342967244701347 0.12320337197049526 0.056319845857418116
5 0.12036880927291886 0.6084200385356454 0.12563751317175975 0.057803468208092484
0 0.500927291886196 0.8396339113680154 0.12644889357218125 0.057803468208092484
55 0.4859325605900948 0.734393063583815 0.05755532139093782 0.037052023121387286
71 0.7384299262381454 0.718092485549133 0.04701791359325606 0.07558766859344894
76 0.34773445732349845 0.4542774566473989 0.022697576396206533 0.08152215799614644
29 0.4146048472075869 0.458728323699422 0.021886195995785035 0.08743737957610791
13 0.480263435194942 0.4572447013487476 0.021886195995785035 0.08448940269749519
20 0.5463224446786091 0.45797687861271674 0.024320337197049523 0.08597302504816955
39 0.6152265542676502 0.4572447013487476 0.02107481559536354 0.08743737957610791