14 0.5001264488935722 0.0941233140655106 0.12644889357218125 0.06077071290944123
64 0.6294099051633297 0.2697495183044316 0.05268703898840885 0.04447013487475915
73 0.4989041095890411 0.3846242774566474 0.09483667017913593 0.04001926782273603
71 0.7384299262381454 0.714393063583815 0.04214963119072708 0.06522157996146435
46 0.4336564805057956 0.458728323699422 0.20102212855637513 0.10227360308285163
80 0.5661854583772391 0.4572447013487476 0.06565858798735512 0.09930635838150288
78 0.6367017913593256 0.45649325626204235 0.07213909378292939 0.09485549132947976
1 0.3481348788198103 0.45649325626204235 0.02350895679662803 0.09188824662813101
12 0.414204425711275 0.4542774566473989 0.02107481559536354 0.08448940269749519
10 0.48066385669125394 0.4572447013487476 0.022697576396206533 0.09040462427745664
26 0.5467334035827187 0.458728323699422 0.021886195995785035 0.08743737957610791
40 0.6152265542676502 0.4535260115606936 0.022697576396206533 0.08003853564547206