46 0.4328451001053741 0.4572447013487476 0.20102212855637513 0.09930635838150288
80 0.5678082191780822 0.458728323699422 0.06728134878819811 0.10227360308285163
78 0.6342676501580611 0.45946050096339114 0.06403582718651211 0.10670520231213873
11 0.3457112750263435 0.45797687861271674 0.025131717597471022 0.08892100192678228
23 0.4146048472075869 0.4542774566473989 0.025131717597471022 0.0933718689788054
32 0.481886195995785 0.4535260115606936 0.025131717597471022 0.08892100192678228
51 0.5487565858798735 0.45649325626204235 0.022697576396206533 0.08892100192678228
53 0.6152265542676502 0.4527938342967245 0.022697576396206533 0.08152215799614644
73 0.5017386722866175 0.3853564547206166 0.09240252897787145 0.032601156069364166
65 0.5471338250790305 0.30235067437379576 0.04701791359325606 0.09188824662813101
79 0.5021496311907271 0.6321387283236994 0.062413066385669125 0.037052023121387286
9 0.15158061116965227 0.21564547206165705 0.12644889357218125 0.06670520231213872
24 0.8798735511064278 0.606204238921002 0.12563751317175975 0.050385356454720615