73 0.4993150684931507 0.383140655105973 0.09240252897787145 0.04001926782273603
19 0.8470495258166492 0.21639691714836223 0.12807165437302423 0.05928709055876686
24 0.8798735511064278 0.6069364161849711 0.12726027397260273 0.057803468208092484
68 0.7911169652265543 0.41352601156069363 0.04214963119072708 0.05928709055876686
79 0.5013382507903056 0.6328709055876686 0.06403582718651211 0.03556840077071291
46 0.4328451001053741 0.45946050096339114 0.19939936775553213 0.10375722543352602
80 0.5657744994731295 0.458728323699422 0.0664699683877766 0.09633911368015415
78 0.6350790305584827 0.45946050096339114 0.07051633298208641 0.10375722543352602
16 0.3497576396206533 0.45797687861271674 0.02350895679662803 0.08892100192678228
36 0.414204425711275 0.45649325626204235 0.022697576396206533 0.08892100192678228
34 0.481886195995785 0.45649325626204235 0.02350895679662803 0.08892100192678228
31 0.5471338250790305 0.455009633911368 0.02594309799789252 0.08597302504816955
30 0.6144151738672287 0.4542774566473989 0.02594309799789252 0.0933718689788054