57 0.52768177028451 0.9463391136801541 0.09240252897787145 0.04890173410404624
60 0.09402528977871444 0.7151252408477842 0.1069968387776607 0.04890173410404624
63 0.12726027397260273 0.32161849710982654 0.10212855637513171 0.0474373795761079
66 0.47661749209694415 0.19861271676300576 0.10050579557428872 0.038535645472061654
69 0.8746048472075869 0.3201348747591522 0.09727081138040042 0.0474373795761079
72 0.9082402528977871 0.7158766859344894 0.09970495258166491 0.041502890173410405
58 0.2865331928345627 0.6595568400770713 0.05755532139093782 0.038535645472061654
67 0.6881770284510011 0.3483044315992293 0.06160168598524763 0.03556840077071291
30 0.34692307692307695 0.45649325626204235 0.022697576396206533 0.08892100192678228
47 0.4146048472075869 0.46021194605009635 0.02350895679662803 0.09633911368015415
16 0.48147523709167545 0.458728323699422 0.022697576396206533 0.0933718689788054
77 0.5487565858798735 0.45649325626204235 0.022697576396206533 0.09188824662813101