75 0.10172813487881982 0.19564547206165706 0.020263435194942045 0.08300578034682081
51 0.16535300316122234 0.19564547206165706 0.024320337197049523 0.08597302504816955
1 0.8308324552160169 0.5898843930635838 0.022697576396206533 0.08597302504816955
4 0.893245521601686 0.5884007707129094 0.024320337197049523 0.08597302504816955
46 0.4312223393045311 0.4609441233140655 0.20264488935721814 0.11560693641618497
80 0.5678082191780822 0.458728323699422 0.06728134878819811 0.10524084778420038
2 0.3461116965226554 0.455009633911368 0.02594309799789252 0.08300578034682081
54 0.41379346680716544 0.458728323699422 0.026743940990516333 0.08743737957610791
49 0.48066385669125394 0.4557610789980732 0.024320337197049523 0.08743737957610791
16 0.5491570073761854 0.4557610789980732 0.025131717597471022 0.0933718689788054
65 0.5487565858798735 0.3060693641618497 0.055121180189673345 0.09040462427745664
73 0.5005268703898841 0.38238921001926784 0.1045626975763962 0.038535645472061654
79 0.5001264488935722 0.6336223506743739 0.0713277133825079 0.037052023121387286
9 0.1511696522655427 0.19786127167630058 0.12888303477344573 0.0933718689788054
24 0.8806849315068493 0.5839691714836224 0.12401475237091675 0.08300578034682081