46 0.4336564805057956 0.46315992292870906 0.19939936775553213 0.11412331406551059
80 0.5657744994731295 0.45649325626204235 0.0664699683877766 0.10375722543352602
78 0.6346786090621707 0.45649325626204235 0.0713277133825079 0.10670520231213873
73 0.5013382507903056 0.3860886319845857 0.10293993677555321 0.034084778420038535
62 0.22330874604847206 0.4238921001926782 0.06565858798735512 0.08597302504816955
5 0.12077976817702846 0.6099036608863199 0.12807165437302423 0.06077071290944123
79 0.5005268703898841 0.6351059730250482 0.062413066385669125 0.037052023121387286
70 0.7132982086406744 0.6595568400770713 0.05997892518440464 0.038535645472061654
24 0.8794731296101159 0.6099036608863199 0.12807165437302423 0.06373795761078997
12 0.3485458377239199 0.45649325626204235 0.02594309799789252 0.08597302504816955
50 0.41501580611169653 0.458728323699422 0.027555321390937828 0.09040462427745664
17 0.48269757639620653 0.4557610789980732 0.025131717597471022 0.09040462427745664
35 0.547945205479452 0.45649325626204235 0.022697576396206533 0.09188824662813101
43 0.6144151738672287 0.455009633911368 0.022697576396206533 0.08892100192678228