65 0.544699683877766 0.30976878612716763 0.05349841938883035 0.08597302504816955
70 0.7145205479452055 0.6588053949903662 0.05593256059009483 0.034084778420038535
67 0.6889884088514225 0.34978805394990364 0.055121180189673345 0.03556840077071291
73 0.5005268703898841 0.3883236994219653 0.09321390937829294 0.041502890173410405
61 0.32341412012644893 0.3935067437379576 0.05997892518440464 0.037052023121387286
58 0.3112539515279241 0.6617726396917148 0.05349841938883035 0.04001926782273603
5 0.11955742887249736 0.6099036608863199 0.1305057955742887 0.05483622350674374
9 0.1511696522655427 0.21564547206165705 0.12563751317175975 0.05483622350674374
14 0.49971548998946264 0.08967244701348748 0.12563751317175975 0.06077071290944123
19 0.8478609062170706 0.2119460500963391 0.12482613277133825 0.05928709055876686
24 0.8786617492096944 0.6069364161849711 0.12482613277133825 0.05483622350674374