9 0.15198103266596416 0.21416184971098268 0.12726027397260273 0.057803468208092484
0 0.5013382507903056 0.8403660886319846 0.12726027397260273 0.056319845857418116
59 0.209536354056902 0.5913680154142582 0.04458377239199157 0.07707129094412331
73 0.4976923076923077 0.3853564547206166 0.09889357218124341 0.03556840077071291
46 0.4324341412012645 0.4624277456647399 0.20345626975763964 0.11263969171483623
80 0.5682086406743941 0.45797687861271674 0.0664699683877766 0.09782273603082853
78 0.6346786090621707 0.45797687861271674 0.06484720758693362 0.10375722543352602
79 0.5013382507903056 0.6336223506743739 0.06728134878819811 0.04001926782273603
28 0.34773445732349845 0.45649325626204235 0.022697576396206533 0.08597302504816955
45 0.4146048472075869 0.45649325626204235 0.02350895679662803 0.09188824662813101
36 0.481886195995785 0.4557610789980732 0.021886195995785035 0.09040462427745664
17 0.547945205479452 0.455009633911368 0.024320337197049523 0.09188824662813101
3 0.6136037934668072 0.4557610789980732 0.027555321390937828 0.09040462427745664