46 0.4328451001053741 0.46315992292870906 0.20102212855637513 0.1081888246628131
80 0.5661854583772391 0.45946050096339114 0.07051633298208641 0.09782273603082853
78 0.6350790305584827 0.45797687861271674 0.06728134878819811 0.10078998073217726
27 0.34692307692307695 0.4557610789980732 0.02107481559536354 0.08743737957610791
76 0.4125816649104321 0.4557610789980732 0.02594309799789252 0.0933718689788054
1 0.48066385669125394 0.45946050096339114 0.024320337197049523 0.09782273603082853
10 0.5471338250790305 0.45797687861271674 0.022697576396206533 0.09188824662813101
18 0.6148155953635406 0.4557610789980732 0.021886195995785035 0.08448940269749519
68 0.7886828240252898 0.4142581888246628 0.0389041095890411 0.06373795761078997
64 0.5755005268703899 0.27048169556840074 0.05187565858798735 0.034084778420038535
14 0.5005268703898841 0.09040462427745664 0.12563751317175975 0.050385356454720615
73 0.4993150684931507 0.3846242774566474 0.09402528977871444 0.034084778420038535
79 0.49971548998946264 0.6328709055876686 0.062413066385669125 0.038535645472061654
19 0.8478609062170706 0.2119460500963391 0.12807165437302423 0.053352601156069365