59 0.2054794520547945 0.5847013487475915 0.047818756585879876 0.08448940269749519
9 0.15158061116965227 0.21491329479768786 0.12969441517386723 0.056319845857418116
14 0.5001264488935722 0.09115606936416186 0.12482613277133825 0.057803468208092484
64 0.5755005268703899 0.2682658959537572 0.05349841938883035 0.04447013487475915
73 0.49971548998946264 0.3838728323699422 0.09321390937829294 0.038535645472061654
79 0.5021496311907271 0.6313872832369942 0.0737618545837724 0.038535645472061654
46 0.43324552160168595 0.4676107899807322 0.20021074815595363 0.11709055876685935
80 0.5678082191780822 0.46021194605009635 0.06565858798735512 0.09930635838150288
78 0.6354899894625923 0.455009633911368 0.06809272918861961 0.09485549132947976
7 0.3473340358271865 0.458728323699422 0.025131717597471022 0.08448940269749519
29 0.4146048472075869 0.4572447013487476 0.021886195995785035 0.09040462427745664
33 0.4810748155953636 0.45797687861271674 0.021886195995785035 0.09188824662813101
44 0.5471338250790305 0.4542774566473989 0.022697576396206533 0.08448940269749519
52 0.6168387776606955 0.4542774566473989 0.02594309799789252 0.09040462427745664