46 0.4320337197049526 0.45649325626204235 0.20426765015806111 0.10078998073217726
73 0.5021496311907271 0.3853564547206166 0.09645943097997893 0.038535645472061654
9 0.1507692307692308 0.2119460500963391 0.12482613277133825 0.06522157996146435
14 0.49971548998946264 0.09188824662813101 0.12888303477344573 0.06522157996146435
31 0.346522655426765 0.458728323699422 0.021886195995785035 0.08448940269749519
13 0.41379346680716544 0.4527938342967245 0.02350895679662803 0.08743737957610791
54 0.4830979978925184 0.458728323699422 0.022697576396206533 0.08743737957610791
80 0.5682086406743941 0.45946050096339114 0.06809272918861961 0.10375722543352602
77 0.5475447839831401 0.4572447013487476 0.021886195995785035 0.08448940269749519
59 0.20669125395152793 0.5891522157996146 0.05025289778714436 0.07855491329479769
79 0.5017386722866175 0.6351059730250482 0.05997892518440464 0.04298651252408477