46 0.4328451001053741 0.4624277456647399 0.20102212855637513 0.11263969171483623
80 0.5673972602739726 0.4557610789980732 0.06809272918861961 0.09930635838150288
78 0.6350790305584827 0.4542774566473989 0.06889357218124341 0.09930635838150288
73 0.5021496311907271 0.3846242774566474 0.09321390937829294 0.037052023121387286
65 0.5475447839831401 0.303102119460501 0.05593256059009483 0.08448940269749519
30 0.3461116965226554 0.4557610789980732 0.024320337197049523 0.08743737957610791
37 0.414204425711275 0.4572447013487476 0.024320337197049523 0.08448940269749519
42 0.48147523709167545 0.4557610789980732 0.02594309799789252 0.08743737957610791
3 0.547945205479452 0.455009633911368 0.027555321390937828 0.08892100192678228
20 0.6156269757639621 0.4572447013487476 0.021886195995785035 0.08743737957610791
79 0.5001264488935722 0.6328709055876686 0.0664699683877766 0.032601156069364166
5 0.11955742887249736 0.6084200385356454 0.12726027397260273 0.051868978805395
24 0.8794731296101159 0.6084200385356454 0.12644889357218125 0.051868978805395