46 0.4328451001053741 0.46315992292870906 0.20102212855637513 0.11115606936416185
50 0.5669968387776607 0.4609441233140655 0.06565858798735512 0.10375722543352602
2 0.6342676501580611 0.46021194605009635 0.06403582718651211 0.09930635838150288
73 0.4993150684931507 0.3853564547206166 0.09240252897787145 0.03556840077071291
19 0.8474499473129611 0.21342967244701347 0.12888303477344573 0.053352601156069365
68 0.7911169652265543 0.414990366088632 0.04539515279241307 0.06522157996146435
79 0.5001264488935722 0.6336223506743739 0.06809272918861961 0.037052023121387286
24 0.8810853530031612 0.6113872832369942 0.12969441517386723 0.06077071290944123
70 0.713709167544784 0.6610404624277456 0.05916754478398314 0.041502890173410405
54 0.34692307692307695 0.45649325626204235 0.022697576396206533 0.08892100192678228
48 0.414204425711275 0.455009633911368 0.02594309799789252 0.08892100192678228
7 0.4810748155953636 0.45797687861271674 0.025131717597471022 0.09485549132947976
47 0.5491570073761854 0.4572447013487476 0.028366701791359326 0.09040462427745664
2 0.6152265542676502 0.458728323699422 0.024320337197049523 0.09040462427745664