79 0.49971548998946264 0.6313872832369942 0.06728134878819811 0.038535645472061654
59 0.20791359325605901 0.5891522157996146 0.05430979978925184 0.07558766859344894
9 0.15158061116965227 0.21491329479768786 0.12807165437302423 0.06225433526011561
14 0.4993150684931507 0.09263969171483621 0.12807165437302423 0.06077071290944123
73 0.49971548998946264 0.383140655105973 0.09483667017913593 0.04001926782273603
46 0.4328451001053741 0.4624277456647399 0.19939936775553213 0.10670520231213873
80 0.5661854583772391 0.458728323699422 0.06565858798735512 0.09930635838150288
78 0.6371127502634352 0.45649325626204235 0.0729504741833509 0.09782273603082853
18 0.34692307692307695 0.4557610789980732 0.022697576396206533 0.08152215799614644
38 0.4125816649104321 0.4572447013487476 0.022697576396206533 0.08743737957610791
75 0.481886195995785 0.45649325626204235 0.02350895679662803 0.08300578034682081
8 0.548345626975764 0.4557610789980732 0.025131717597471022 0.08152215799614644
33 0.6144151738672287 0.4557610789980732 0.024320337197049523 0.09040462427745664