9 0.1507692307692308 0.21564547206165705 0.12482613277133825 0.057803468208092484
24 0.8802739726027398 0.6128709055876685 0.12482613277133825 0.057803468208092484
61 0.3254478398314015 0.39277456647398845 0.05593256059009483 0.038535645472061654
73 0.4968809272918862 0.3860886319845857 0.09077976817702846 0.04001926782273603
70 0.7141095890410959 0.6602890173410405 0.056743940990516335 0.04595375722543353
79 0.500927291886196 0.6328709055876686 0.0664699683877766 0.032601156069364166
46 0.4324341412012645 0.46315992292870906 0.20345626975763964 0.11115606936416185
80 0.5678082191780822 0.46021194605009635 0.06889357218124341 0.09930635838150288
78 0.6342676501580611 0.4609441233140655 0.06889357218124341 0.10375722543352602
59 0.20629083245521604 0.5913680154142582 0.047818756585879876 0.07707129094412331
27 0.3481348788198103 0.458728323699422 0.021886195995785035 0.08743737957610791
23 0.4146048472075869 0.4572447013487476 0.020263435194942045 0.08743737957610791
32 0.481886195995785 0.45649325626204235 0.02350895679662803 0.08003853564547206
6 0.548345626975764 0.4542774566473989 0.02350895679662803 0.09040462427745664
11 0.6160379346680717 0.4557610789980732 0.022697576396206533 0.08448940269749519