46 0.4336564805057956 0.4609441233140655 0.20102212855637513 0.10967244701348748
80 0.5673972602739726 0.458728323699422 0.0664699683877766 0.1081888246628131
51 0.3473340358271865 0.45946050096339114 0.02350895679662803 0.08597302504816955
53 0.4146048472075869 0.4542774566473989 0.021886195995785035 0.09040462427745664
26 0.48147523709167545 0.45797687861271674 0.022697576396206533 0.08597302504816955
43 0.5475447839831401 0.455009633911368 0.020263435194942045 0.08597302504816955
79 0.49971548998946264 0.6299036608863199 0.05916754478398314 0.03556840077071291
73 0.5013382507903056 0.3860886319845857 0.09321390937829294 0.034084778420038535
14 0.5005268703898841 0.0941233140655106 0.12401475237091675 0.057803468208092484
24 0.8794731296101159 0.6091522157996146 0.12158061116965226 0.053352601156069365
62 0.22088514225500527 0.4253757225433526 0.05430979978925184 0.08597302504816955